15.47
0.01
77.41
2773.96
54.95
31.97
60.6
16.81
-7.08
-1.98
28.75
-478.62
-17.46
18.57
-8541.4
85.57
-73.46
24.28
-30.16
29.71
45.72
401.72
23395.2
0.0
64.79
8.13
-14.46
445.62
18.12
-42.16
104.22
-84.75
7.56
279.96
58.91
11.05
0.05
171.66
27.56
-59.59
17.1
33.61
0.04
68.26
0.19
0.05
-140.06
113.17
14.59
3.24
421.3
5.78
0.31
1.94
-59
0.27
6987
0.89
10
1472
13
40.67
43
0.01
6.02
8.93
0.82
1764.0
-71
7.33
96600
7.23
0.01
-49.39
252.93
505.59
603.82
-25.82
37.78
-57.64
-3.93
13.49
92.74
-6.86
-7461.1
670.3
-76.75
41.7
-51.43
54.31
262.71
90.53
-48.67
-19.94
41678.0
244.66
277.32
-1.0
1333.04
275.87
59.23
-55.13
53.16
-193.03
-58.39
91.46
94.03
-94.99
-297.52
3631.96
65.8
-356.61
57.06
-74.3
0.47
148.2
8.26
25.52
734.12
-14.32
26.96
-2797.65
34.54
